{
  "aspect_ratio": 1.7777778,
  "near": 0.0038153108,
  "far": 38.153107,
  "fov": 45.0
}