{
  "aspect_ratio": 1.7777778,
  "near": 0.1,
  "far": 1000.0,
  "fov": 25.36077
}