{
  "aspect_ratio": 1.7777778,
  "near": 0.1,
  "far": 100.0,
  "fov": 4.538423
}