{
  "aspect_ratio": 1.7777778,
  "near": 0.000008073557,
  "far": 0.08073557,
  "fov": 45.0
}