{
  "aspect_ratio": 1.7777778,
  "near": 0.004051377,
  "far": 40.51377,
  "fov": 45.0
}